666161 6166661666.

susq 16616 171.

croylooios 6661666461 24.

8666166166 86666166 260 7, 54012.

86616666 celeber 6117, 1393,
235 13, 267 15,27218.

smmmmmom

10, 289 6, 300 5, 304 10, 306
15, 3096, 316 21, 319 22, 326
10, 3415, 36412, 398 19, 442
2, 483 9, 485 7.

861166123 16.

, 86661661 488 22.

Bithyni 91 20, 509 3.

, mmmemo

cinge 666. 153 18, 249 8, 510
16 8166566616 templum 242 21.
8666116 40 2.

86666111 259 7, 309 4.

86116661354 11.

661612818.

colchos 362 19.

66111666 201 5

661116166 6616166656 661957,
23416249 12, 2575, 5207,

661116166 866666 533 18.

6616156166 505 3.

de 6666616 6666665166 19421.

camiros 666. 12 1.

lo. 666166666666 24 10, 37 11, 53
66666666
11, 195 5, 23611, 342 16, 377
mmm

Carmelus 66666 240 21.

carystus 666. 46 21.

66661666 maro 199 15.

Castellum Cp· 24223.

66161661 42 168417, 87 14, 88
19, 89 5, 151 17, 177 15, 189
5, 242 13. .

66161666616651 dominus 503 25.

cephaloniae comos 249 3, 557 3.

65616666 166616 338 7.

Chalcedon 88 7, 90 21, 117 11,
504 81

65611661 1810, 32 20, 33 10,
215 16, 283 20.

charmides 5661666666 284 9.

Chersonesos 85 20, 118 22, 203
15,22314.

65166 666. 517, 783.

65163611 ro 8. 866516 66666 225

Bw

656161666116 666. 56411.

16. chrysostomus 12322, 125 10,
1287, 285 13, 298 9, 307 5,
317 3, 379 9, 410 13, 416 21,
mmmmmomo
44218, 4438, 445 156128,
446 14 6120, 449 12, 452 14,
475 3, 48719, 488 14, 4891
6111, 490 14, 494 5, 496 19,
497 22, 527 6, 531 5.

χρυσοῖ - κέρματα 52 3.

611161616 16, 19 17.

cleodemus 377 19.

616156 219 23.

6666666 666. 39 11.

66661666 1166661666 episcopos 62
1, 80 1. 66. 6616166656 201
21, 20414, 244 5, 24922, 519
mmm

Goelesyrlo 14 16, 240 19.

66166666 Rhodius 1113.

conissium 6661666 414 7, 425 16,

666616611666 1166666 81 13, 1042.

Corcyraei 77 17. .

8. cosmas 277 4,-490 11.

6661661 66666166166244 9.

666ἔ631ἒ6. 39 4, 45 23, 8416,

croesus 20 12.

Cyclades 166. 40 1, 4221, 85 3.

Cyclops 218 17. cyclopes 134 5.

66616660. 19 22.

666656686661666661666611651314. . ¹

cylonis* a γος 411 20.

cyprusrns.2718, 1835.

66666 6656 166.

8. cyrillus 292 21, 296 17, 298
6666666

1686666666666 1232, 278 3, 281
20, 2923, 297 3, 29856121,
305 13, 319 19, 327 10, 339
12,3504,353 16122,355
15, 357 7, 36719, 423 23, 436
mmm

86666666 6656 14 17, 24020.

866161126 23, 28320, 426 24,

⁹ 4468 1.
1166116666 666. 227 18.

866166 1623.
1166661166 61666559 2.

David 127 2, 3257, 332 12, 530

16, 5351. 5616666666 661. ,
666 22816.

 

