’511
Pyrenaei monier 41 11.
7110111111 14110.

Pythagorei 64 9.

Pytho 393 19.

lihaedesiom 100 15.

1101111111. 11 11,11111 11 19.

Romanae 8111111111 legatur 5181.
hoeni 113 14.

1111111 114 15, 199 11, 511 18.

, 8110111111 163 11.

Saia-ia 111. 41 18.

Salomon 315 11, 439 11.

81111101111115 11.

8111111885.

Sardinia 111. 190 7.

Scamander 5. 51 18, 117 17.

8111111111. 8111111111 1111111111.

(1111111111 189 ι. ι.

Scythae 18 18, 90 14. 141111111-
11111513 10, 017 17. 111111-
1111 5318. ὑπερβόρεοι 199 19.
ui 0111181110 111ρᾶ111145 10.

Selymbria 14911, 17014, 510

Semela 134 5.

8111111148 10, 169 9, 55013.

8111118511.

8111114011.

, 81111114. 117 17.

Simon 0111111. 557 8.

Simon magne 51013.

8111111 13510.

8111111157 7, 49813.

Sodoma 388 8.

S. Sophia 198 19, 10111, 135 8,
14710, 154 9, 510 17, 538 19.

8111111111 366 7.

“ 8111111111 8311.

Sura 1510.

Symeon 111110111111385 1.
Symeon nomophylax 111 14.
Symeon 7111111111111 531 10.

. INDEX nis'romcm.

Syria 1511.

ungi! 42 42 90 ss, 494 471 499

Tarona 1910.

7111011113813. “

Tenediorum 111111.510,110 16.

Tenedus 111. 18 9, 85 14, 13511,
141 11,147 5, 151 11, 157 8,
503 11, 537 17, 554 5,

111111 1111111111 1.

Thabor mone 3788, 3817,.394’
3, 397 17, 414 1.

Thebae Aegyptiacae 14 3.

Thebae 1111111111 47 11,Ι 180 15.

701111111111141 19.

7111111111 8111111 30918381 9,
458 8, 403 11, 404 5.

70111111111 11111111 1111111111

8. 7011101111387 4.

7011111111 155 11, 341 10.

70111111885.

7111111111 831 11.

7111111140 8.

7111111111 557 10.

Thessalonice 44 6, 45 3, 74 7,
147 17, 108 14, 184 7, 110 8,
108 10, 550 4.

Thraeca 114 11.

44178048 79 49, 400 71 20³ 2⁰5
5101- 11011 Thraciae 180 18,

7111111111. 517 11. ·

Triballi ¹⁰0 ¹2 479 3, 540 20·

7111151 14.

Tyrrhenicum mere 190 7.

71111140 11. ’

011111118 17.

Ι11111111 41 10, 76 5, 8418, 144
10, 171 13, 189 6.

Veneriae 41 10, 85 5, 145 6·

11111111111111 11018111111514 17.

——un—-o—-q

 

