1111111111 ’

1111111126, 2915, 4213, 144
9. 1111111111111111262 16.
Lanarusllierosolpm. patriarcha 22
Lemnos ins. 182 11, 226 11, 2422.

Λεσβία 1111611111 366 2.

Lesbos 1111226 13,2421,504
2, 554 19, 564 18, 565 4.

Leucosia 28 9.

Lindus 121.

’ hitbi 1111111111 1111514 7..

Lydi 560 3. Lydorum satrapa 162

Lydis 159 17.

Macedonia 99 5, 166 7.

1111111141 23, 19417,199 15.

S. 1111111 188 22.

1111111 11111457 7.

1111111111111 monasterium 243 21.

11111ἐὲ11111 3094, 424 13, 430 15,

Mance 44718.

1111111 Asan 519 16.

1111111 0111111111111 24823.

1111111 1111111111111240 8.

1111111111 (lellus 274 3.

Marcion 430 13, 491 3.

1111111111111397 12.

1116111111οηί11 1111557 17.

11111111 monasterium 243 22.

γ1111111111111163 7. = “

S. 1116111285 16, 292 13, 293
18, 3013, 324 13, 32518, 327
61116, 33524, 35613,317
16, 366 21, 3656, 367 23,
39621, 468 20, 426 20, 453

” “ 2, 454 47, 404 141 474139489
1111111. .

Mediolanum 193 13.

1111113922,

Minotaurus 46 8. .

x Mitylene 563 25.

11111116 262 22.

Moses 283 15, 417 5, 421 9, 443
8, 488 22.

Myrtilus 136 8,

lipsi 166 8, 118 3, 20314.

, 11111111151311.

Nestorius 263 12.

Nicaea 568 16, 569 2.

llicephorus captacuseni gener

f plilium. 111 111111.

, itlius ii· 16 12, 461 21.

671

liiphon Scorpius 2119 6.

1111111. -

1111111111 418 18.

0111111111161111111 199 18.

011111121615. ’

Olympus opprimente 6.

¹Orestias‘opp. 99 1,141 11, 160
14, 152 2, 15317, 178 9.

Oreum opp. 46 22, 47 22.

0111114123. '

Oropus 4310.

Palaeologilw 16. ,

11. Palaeolcgus 93 13, 1483, 178
24, 187 21, 20714226 10,
2419554 3.

Palaestina 14 11, 246 18,

, Palairos 184 9, 226 21, 549 19.

1111161168 7, 111 15, 413 16,
114441441111111 12522, 298 12,
378 23, 386 1, 404 17, 428 2,

431 1, 445 19, too-ro. .
Paulus patriarcha 67 3.

' Peloponnesii 77 18, 249 1.

Pelops 136 9. .,

Pentapolis 16 7.

Perinthus s. 1111111111 78 14, 201
11441114 7, 144 23, 241 8.
Petrus apostolus 412 21, 435 15.

Pharnabazus 99 18.

Pharao 19 14, 42219.
Pheraeorum tyrannus 161 2
Philippi opp. 111 11.
Philotheus coccinus a. 01111111. ⁸
Phocaea 504 3, 505 2, 559 22.

Phoeniciu 15 10, 24018.
Photinus 274 3.

Pindarus 391 15,
Pisistratus 484 12.
11111411 21, 487 5. Platonico

1101 309 i.
Polyxena 1618,

Ponti cdxiv 45 811 16, 83 23, .

117 24. ἐπίνεια 45 19.
porta 11111 186 4, 181 4,

Procius 226 22, 481 5.
111111111111566 11,

Propontis 86 1,
Protagoras 375 5.

'Proteus 406 t.

Ptolemaei 1111681816132 ii·
Pylades 67 14.

Pyramides 14 2.

 

