‘ 1111111111

’ 0. 5,7,9,11,13,151111110111011111 511. 1011111111 91411
143111111111111101 28 3. Ῥόδου 29 9. 111001 34121111·
53 3. duamur 60 5. 111131 6120111111, 73 6. 1011-
1011001 8111.3110 21. 3001110110. 8919012010110
1110111111 001111100161111, 1000111010111 0011 11110111 90 14Σ111·
3171 21.Χ11103ον101,962111πῆ0001 113 14.Ῥ111 121
9. 10111111· 1301511610111 133 11. 1711111111 1413158101
16, 159 20. ’poi 141 9. 1111011111 14217.11,1505.1011·
11131101011 171 10101601ς 19. latomi& 112 510110
1110111111 0011 δρόμος 172 23. 1111101111 11 Γρηγορᾶς. *nod 01111111
(1111111111011 179311121812, 13,18,23. 10101111- 184
2. 00010111 18514100111 2311115111 192101711110
111 11. 110101 19811 11111111 1101100 110
11111111001111 2211801111 1111101111 225 4. 11101-
W? 1011112111 '¹ 210111. 11113 ι.335”11έ11ἳ101 9111,15111111111111
21. [11111 342716111ς 19. ἐς 352 3. 1011111011· 3619.
0110 381 11. 11113111· 393 8. 1116 ην 401 10.1νι11οχ11101·
511 -· κράζουσι 404 1511111111 4 143106111111011 411
8. 3011 41314.[Ἐπε1 418141111ον 419 2. 10111
1211111111311, 18. 0111 422 7. σημαινομένων 424 11. 1011·
τόν, 430 22. 1111011 4401111101 100011011112 44419.
1711101 446 3. 1111011* 447 15. 1111111111 45011110 461
1101110110 465 210 46912. ἡμεῖς 415 Ur 48523.
1110111111 488 5. 11111 1811111111 496 5. 11111 14.111ν
111 11. 111111011ρο 111 11. aem 1111111111· 54⁶
1511 550 2211011011 552 13. 10110 111111111111110000111111.

mco-w·-

 

