573

Delphicae 111551 108 11, 915 17.

Delta llilonm 13 15.

Democritus 351 18.

Didynoticlrua 555. 99 1, 111 11,
150 1,17011, 181 18.

Magone· cynica· 7 11.

'mauu

’1111115515 παῖδες 109 11.
Hellespontus 51 5, 78 9, 11791
1151151515711578, 13.
Heracleoticum 11111 culinaria 11.
Herculia columma 191 18.

S 01515115118518 313 11, 395 Hermon 397 17.

11, 10510,11518,11511
1111013110,13915111
10,11115155117,1511,
15315 ·

1155555108 11.

,Ecbatana 15 11.

81151117 11.

Endymion 1111,1335,11711.
1111555511 11, 851.
85551155 3958.

nuceriano 11.

Eulogia imperatrix 1381. “
Eunomiani 309 5.
11515511511713 3151311 151 13.
1151151118115.

Europa 103 7 51 11.

heigius 5551151 10,1559,
Euxinus pontut 1510, 8119, 558
ndei 1515551515 137 5

Gades 19318.

uo* ratoeroavpocp 55511 tor 1111,
753785, 8111, 537 15, 551
13. castaldico 15 11, 911.
Gallicum 1551111 ll.

Genua 131, 191 11, 1915.
5555151511113,781,11511,
1515,19011.

Georgia} 1551155117 19, 37 18.
Gratianopolis 5555.

Gregorius Alexandriae patriarcha
1119. 5115118111.
Gregorius Hytoacnnia 1851189

’ 11,190131917,197 15, 301
10, 3177, 317 1, 311 13, 359
11,3711719310.

Gregorius 155515551117 7,187
1, 1907, 19713, 3015, 313

11, 31513, 33815, 3578, 103 lenaei 7115, 81 11, 103 10, 110 ’

5, 11515111, 119 15, 111
15, 1183, 15111, 17111.
1111511111510.
Hecuba 1518.
1151511551 15.

Helena lo. Palacoloffiuxor 11811,

150 8, 15110, 1 19, 505 22:

Heroden reu 383 1.

1115155 olitae 1811.

Hierosolyma 81 1315111-

Hippocraten 101 15.

Homerus 111, 51 15 51 19, 115
18, 3511, 111 11. ,

Hyrcanos Bithyniae dominun 91
11,998,1151311113,151
3, ’,1515 171 10, 17910100
7,103 15,11715,1311,151
9, 5013, 558 10.

’ 81555551 118 11.

1515151555111.

icarium 5111158111.

iconomachi 381 15, 395 15, 130
15, 15011 et 11158131915.

ida mona 51 19.

1515151 110 13.

15155151 517 1.

lgna9tina Antiochiae patrinatu 11

Illyrii 557 11.

1155151151. 115 13, 137 11, 1175.

lucricausa&

1551551 cvangeliata 1315.

· 1515551551115155505.117, 511

17.

loannes 5151155151 118 10.

loannes 1555115515151119 5.

1551555 113 10, 3755.

lonium mare 77 15.

inseparatur.

lrene Gantacuueni uxor 1085111
10, 151 1,1881.

lrcno Palaeologi 15151557 10.

iaaac monachor 115551511 10.

11155151 551115155553 5.

115555155157,117 18.

115151511353. ·

‘ludas 1155111515 18713.
15115551 apostata 53 5, 310 17.
Ixion 150 3.

1555115155139 11.

tempu uuo 181 15.

lupicina 1. 183.

 

